{
 "cells": [
  {
   "cell_type": "markdown",
   "id": "4b3dc7cf-8e76-4527-8096-1f118ffda9ef",
   "metadata": {},
   "source": [
    "### Semana 1: MATRIZ. MATRICES ELEMENTALES. OPERACIONES CON MATRICES. MATRIZ ESCALONADA. INVERSA DE UNA MATRIZ. DETERMINANTE"
   ]
  },
  {
   "cell_type": "code",
   "execution_count": 2,
   "id": "a38099fe",
   "metadata": {},
   "outputs": [],
   "source": [
    "import pandas as pd\n",
    "import numpy as np"
   ]
  },
  {
   "cell_type": "markdown",
   "id": "ab00d181",
   "metadata": {},
   "source": [
    "Lea  la  base  de  datos  y  tomando  solo  las  variables  numéricas,  convierta  esta  última  en  una \n",
    "matriz.\n",
    "\n",
    "Para leer la data que se encuentra separada por puntos y comas agregue el parámetro \n",
    "``sep=”;”`` a la función ``pd.read_csv( )``). "
   ]
  },
  {
   "cell_type": "code",
   "execution_count": 20,
   "id": "d4465590",
   "metadata": {},
   "outputs": [
    {
     "data": {
      "text/html": [
       "<div>\n",
       "<style scoped>\n",
       "    .dataframe tbody tr th:only-of-type {\n",
       "        vertical-align: middle;\n",
       "    }\n",
       "\n",
       "    .dataframe tbody tr th {\n",
       "        vertical-align: top;\n",
       "    }\n",
       "\n",
       "    .dataframe thead th {\n",
       "        text-align: right;\n",
       "    }\n",
       "</style>\n",
       "<table border=\"1\" class=\"dataframe\">\n",
       "  <thead>\n",
       "    <tr style=\"text-align: right;\">\n",
       "      <th></th>\n",
       "      <th>age</th>\n",
       "      <th>duration</th>\n",
       "      <th>campaign</th>\n",
       "      <th>pdays</th>\n",
       "      <th>previous</th>\n",
       "      <th>emp.var.rate</th>\n",
       "      <th>cons.price.idx</th>\n",
       "      <th>cons.conf.idx</th>\n",
       "      <th>euribor3m</th>\n",
       "      <th>nr.employed</th>\n",
       "    </tr>\n",
       "  </thead>\n",
       "  <tbody>\n",
       "    <tr>\n",
       "      <th>0</th>\n",
       "      <td>56</td>\n",
       "      <td>261</td>\n",
       "      <td>1</td>\n",
       "      <td>999</td>\n",
       "      <td>0</td>\n",
       "      <td>1.1</td>\n",
       "      <td>93.994</td>\n",
       "      <td>-36.4</td>\n",
       "      <td>4.857</td>\n",
       "      <td>5191.0</td>\n",
       "    </tr>\n",
       "    <tr>\n",
       "      <th>1</th>\n",
       "      <td>57</td>\n",
       "      <td>149</td>\n",
       "      <td>1</td>\n",
       "      <td>999</td>\n",
       "      <td>0</td>\n",
       "      <td>1.1</td>\n",
       "      <td>93.994</td>\n",
       "      <td>-36.4</td>\n",
       "      <td>4.857</td>\n",
       "      <td>5191.0</td>\n",
       "    </tr>\n",
       "    <tr>\n",
       "      <th>2</th>\n",
       "      <td>37</td>\n",
       "      <td>226</td>\n",
       "      <td>1</td>\n",
       "      <td>999</td>\n",
       "      <td>0</td>\n",
       "      <td>1.1</td>\n",
       "      <td>93.994</td>\n",
       "      <td>-36.4</td>\n",
       "      <td>4.857</td>\n",
       "      <td>5191.0</td>\n",
       "    </tr>\n",
       "    <tr>\n",
       "      <th>3</th>\n",
       "      <td>40</td>\n",
       "      <td>151</td>\n",
       "      <td>1</td>\n",
       "      <td>999</td>\n",
       "      <td>0</td>\n",
       "      <td>1.1</td>\n",
       "      <td>93.994</td>\n",
       "      <td>-36.4</td>\n",
       "      <td>4.857</td>\n",
       "      <td>5191.0</td>\n",
       "    </tr>\n",
       "    <tr>\n",
       "      <th>4</th>\n",
       "      <td>56</td>\n",
       "      <td>307</td>\n",
       "      <td>1</td>\n",
       "      <td>999</td>\n",
       "      <td>0</td>\n",
       "      <td>1.1</td>\n",
       "      <td>93.994</td>\n",
       "      <td>-36.4</td>\n",
       "      <td>4.857</td>\n",
       "      <td>5191.0</td>\n",
       "    </tr>\n",
       "    <tr>\n",
       "      <th>...</th>\n",
       "      <td>...</td>\n",
       "      <td>...</td>\n",
       "      <td>...</td>\n",
       "      <td>...</td>\n",
       "      <td>...</td>\n",
       "      <td>...</td>\n",
       "      <td>...</td>\n",
       "      <td>...</td>\n",
       "      <td>...</td>\n",
       "      <td>...</td>\n",
       "    </tr>\n",
       "    <tr>\n",
       "      <th>41183</th>\n",
       "      <td>73</td>\n",
       "      <td>334</td>\n",
       "      <td>1</td>\n",
       "      <td>999</td>\n",
       "      <td>0</td>\n",
       "      <td>-1.1</td>\n",
       "      <td>94.767</td>\n",
       "      <td>-50.8</td>\n",
       "      <td>1.028</td>\n",
       "      <td>4963.6</td>\n",
       "    </tr>\n",
       "    <tr>\n",
       "      <th>41184</th>\n",
       "      <td>46</td>\n",
       "      <td>383</td>\n",
       "      <td>1</td>\n",
       "      <td>999</td>\n",
       "      <td>0</td>\n",
       "      <td>-1.1</td>\n",
       "      <td>94.767</td>\n",
       "      <td>-50.8</td>\n",
       "      <td>1.028</td>\n",
       "      <td>4963.6</td>\n",
       "    </tr>\n",
       "    <tr>\n",
       "      <th>41185</th>\n",
       "      <td>56</td>\n",
       "      <td>189</td>\n",
       "      <td>2</td>\n",
       "      <td>999</td>\n",
       "      <td>0</td>\n",
       "      <td>-1.1</td>\n",
       "      <td>94.767</td>\n",
       "      <td>-50.8</td>\n",
       "      <td>1.028</td>\n",
       "      <td>4963.6</td>\n",
       "    </tr>\n",
       "    <tr>\n",
       "      <th>41186</th>\n",
       "      <td>44</td>\n",
       "      <td>442</td>\n",
       "      <td>1</td>\n",
       "      <td>999</td>\n",
       "      <td>0</td>\n",
       "      <td>-1.1</td>\n",
       "      <td>94.767</td>\n",
       "      <td>-50.8</td>\n",
       "      <td>1.028</td>\n",
       "      <td>4963.6</td>\n",
       "    </tr>\n",
       "    <tr>\n",
       "      <th>41187</th>\n",
       "      <td>74</td>\n",
       "      <td>239</td>\n",
       "      <td>3</td>\n",
       "      <td>999</td>\n",
       "      <td>1</td>\n",
       "      <td>-1.1</td>\n",
       "      <td>94.767</td>\n",
       "      <td>-50.8</td>\n",
       "      <td>1.028</td>\n",
       "      <td>4963.6</td>\n",
       "    </tr>\n",
       "  </tbody>\n",
       "</table>\n",
       "<p>41188 rows × 10 columns</p>\n",
       "</div>"
      ],
      "text/plain": [
       "       age  duration  campaign  pdays  previous  emp.var.rate  cons.price.idx  \\\n",
       "0       56       261         1    999         0           1.1          93.994   \n",
       "1       57       149         1    999         0           1.1          93.994   \n",
       "2       37       226         1    999         0           1.1          93.994   \n",
       "3       40       151         1    999         0           1.1          93.994   \n",
       "4       56       307         1    999         0           1.1          93.994   \n",
       "...    ...       ...       ...    ...       ...           ...             ...   \n",
       "41183   73       334         1    999         0          -1.1          94.767   \n",
       "41184   46       383         1    999         0          -1.1          94.767   \n",
       "41185   56       189         2    999         0          -1.1          94.767   \n",
       "41186   44       442         1    999         0          -1.1          94.767   \n",
       "41187   74       239         3    999         1          -1.1          94.767   \n",
       "\n",
       "       cons.conf.idx  euribor3m  nr.employed  \n",
       "0              -36.4      4.857       5191.0  \n",
       "1              -36.4      4.857       5191.0  \n",
       "2              -36.4      4.857       5191.0  \n",
       "3              -36.4      4.857       5191.0  \n",
       "4              -36.4      4.857       5191.0  \n",
       "...              ...        ...          ...  \n",
       "41183          -50.8      1.028       4963.6  \n",
       "41184          -50.8      1.028       4963.6  \n",
       "41185          -50.8      1.028       4963.6  \n",
       "41186          -50.8      1.028       4963.6  \n",
       "41187          -50.8      1.028       4963.6  \n",
       "\n",
       "[41188 rows x 10 columns]"
      ]
     },
     "execution_count": 20,
     "metadata": {},
     "output_type": "execute_result"
    }
   ],
   "source": [
    "data = pd.read_csv(\"banca.csv\", sep=\";\")\n",
    "data.select_dtypes([\"float64\", \"int64\"])"
   ]
  },
  {
   "cell_type": "markdown",
   "id": "bfe14f1c",
   "metadata": {},
   "source": [
    "Convirtiendo mi **DataFrame** númerico en un **array**"
   ]
  },
  {
   "cell_type": "code",
   "execution_count": 17,
   "id": "8b2b65b5",
   "metadata": {},
   "outputs": [
    {
     "data": {
      "text/plain": [
       "array([[ 5.6000e+01,  2.6100e+02,  1.0000e+00, ..., -3.6400e+01,\n",
       "         4.8570e+00,  5.1910e+03],\n",
       "       [ 5.7000e+01,  1.4900e+02,  1.0000e+00, ..., -3.6400e+01,\n",
       "         4.8570e+00,  5.1910e+03],\n",
       "       [ 3.7000e+01,  2.2600e+02,  1.0000e+00, ..., -3.6400e+01,\n",
       "         4.8570e+00,  5.1910e+03],\n",
       "       ...,\n",
       "       [ 5.6000e+01,  1.8900e+02,  2.0000e+00, ..., -5.0800e+01,\n",
       "         1.0280e+00,  4.9636e+03],\n",
       "       [ 4.4000e+01,  4.4200e+02,  1.0000e+00, ..., -5.0800e+01,\n",
       "         1.0280e+00,  4.9636e+03],\n",
       "       [ 7.4000e+01,  2.3900e+02,  3.0000e+00, ..., -5.0800e+01,\n",
       "         1.0280e+00,  4.9636e+03]])"
      ]
     },
     "execution_count": 17,
     "metadata": {},
     "output_type": "execute_result"
    }
   ],
   "source": [
    "arrayBanca = data.select_dtypes([\"float64\", \"int64\"]).to_numpy()\n",
    "arrayBanca"
   ]
  },
  {
   "cell_type": "markdown",
   "id": "285ad5fd",
   "metadata": {},
   "source": [
    "Viendo las dimensiones de mi **array**"
   ]
  },
  {
   "cell_type": "code",
   "execution_count": 21,
   "id": "e3bf27cb",
   "metadata": {},
   "outputs": [
    {
     "data": {
      "text/plain": [
       "(41188, 10)"
      ]
     },
     "execution_count": 21,
     "metadata": {},
     "output_type": "execute_result"
    }
   ],
   "source": [
    "arrayBanca.shape"
   ]
  },
  {
   "cell_type": "markdown",
   "id": "8b1f5447",
   "metadata": {},
   "source": [
    "Calcule el vector de **medias**"
   ]
  },
  {
   "cell_type": "code",
   "execution_count": 19,
   "id": "9db4cd30",
   "metadata": {},
   "outputs": [
    {
     "data": {
      "text/plain": [
       "array([ 4.00240604e+01,  2.58285010e+02,  2.56759250e+00,  9.62475454e+02,\n",
       "        1.72962999e-01,  8.18855006e-02,  9.35756644e+01, -4.05026003e+01,\n",
       "        3.62129081e+00,  5.16703591e+03])"
      ]
     },
     "execution_count": 19,
     "metadata": {},
     "output_type": "execute_result"
    }
   ],
   "source": [
    "Medias = np.mean(arrayBanca, axis=0)\n",
    "Medias"
   ]
  },
  {
   "cell_type": "markdown",
   "id": "3a1e2ba1",
   "metadata": {},
   "source": [
    "Calcule **la resta de la matriz** con el vector de **medias**"
   ]
  },
  {
   "cell_type": "code",
   "execution_count": 22,
   "id": "4542cbaa",
   "metadata": {},
   "outputs": [
    {
     "data": {
      "text/plain": [
       "array([[  15.97593959,    2.7149898 ,   -1.5675925 , ...,    4.10260027,\n",
       "           1.23570919,   23.96408906],\n",
       "       [  16.97593959, -109.2850102 ,   -1.5675925 , ...,    4.10260027,\n",
       "           1.23570919,   23.96408906],\n",
       "       [  -3.02406041,  -32.2850102 ,   -1.5675925 , ...,    4.10260027,\n",
       "           1.23570919,   23.96408906],\n",
       "       ...,\n",
       "       [  15.97593959,  -69.2850102 ,   -0.5675925 , ...,  -10.29739973,\n",
       "          -2.59329081, -203.43591094],\n",
       "       [   3.97593959,  183.7149898 ,   -1.5675925 , ...,  -10.29739973,\n",
       "          -2.59329081, -203.43591094],\n",
       "       [  33.97593959,  -19.2850102 ,    0.4324075 , ...,  -10.29739973,\n",
       "          -2.59329081, -203.43591094]])"
      ]
     },
     "execution_count": 22,
     "metadata": {},
     "output_type": "execute_result"
    }
   ],
   "source": [
    "Resta = arrayBanca - Medias\n",
    "Resta"
   ]
  },
  {
   "cell_type": "markdown",
   "id": "44adb484",
   "metadata": {},
   "source": [
    "Calcule la matriz de **covarianza**"
   ]
  },
  {
   "cell_type": "code",
   "execution_count": 23,
   "id": "ccac6395",
   "metadata": {},
   "outputs": [
    {
     "data": {
      "text/plain": [
       "array([[ 1.08602451e+02, -2.33914694e+00,  1.32602905e-01,\n",
       "        -6.69453996e+01,  1.25660856e-01, -6.06862678e-03,\n",
       "         5.16790762e-03,  6.23980083e+00,  1.94622473e-01,\n",
       "        -1.33461599e+01],\n",
       "       [-2.33914694e+00,  6.72257289e+04, -5.14948884e+01,\n",
       "        -2.30568302e+03,  2.64851986e+00, -1.13918021e+01,\n",
       "         7.97271590e-01, -9.80741194e+00, -1.47938307e+01,\n",
       "        -8.37439866e+02],\n",
       "       [ 1.32602905e-01, -5.14948884e+01,  7.67297503e+00,\n",
       "         2.72249214e+01, -1.08493675e-01,  6.56017208e-01,\n",
       "         2.04971433e-01, -1.76060671e-01,  6.49236419e-01,\n",
       "         2.88388223e+01],\n",
       "       [-6.69453996e+01, -2.30568302e+03,  2.72249214e+01,\n",
       "         3.49356873e+04, -5.43464475e+01,  7.95748230e+01,\n",
       "         8.53513249e+00, -7.90166771e+01,  9.62508736e+01,\n",
       "         5.03187748e+03],\n",
       "       [ 1.25660856e-01,  2.64851986e+00, -1.08493675e-01,\n",
       "        -5.43464475e+01,  2.44927079e-01, -3.26917530e-01,\n",
       "        -5.81903503e-02, -1.16669718e-01, -3.90128214e-01,\n",
       "        -1.79263416e+01],\n",
       "       [-6.06862678e-03, -1.13918021e+01,  6.56017208e-01,\n",
       "         7.95748230e+01, -3.26917530e-01,  2.46791451e+00,\n",
       "         7.05038043e-01,  1.42535970e+00,  2.64912079e+00,\n",
       "         1.02944953e+02],\n",
       "       [ 5.16790762e-03,  7.97271590e-01,  2.04971433e-01,\n",
       "         8.53513249e+00, -5.81903503e-02,  7.05038043e-01,\n",
       "         3.35055802e-01,  1.58023171e-01,  6.90960743e-01,\n",
       "         2.18325456e+01],\n",
       "       [ 6.23980083e+00, -9.80741194e+00, -1.76060671e-01,\n",
       "        -7.90166771e+01, -1.16669718e-01,  1.42535970e+00,\n",
       "         1.58023171e-01,  2.14202154e+01,  2.22908885e+00,\n",
       "         3.36111253e+01],\n",
       "       [ 1.94622473e-01, -1.47938307e+01,  6.49236419e-01,\n",
       "         9.62508736e+01, -3.90128214e-01,  2.64912079e+00,\n",
       "         6.90960743e-01,  2.22908885e+00,  3.00830780e+00,\n",
       "         1.18443421e+02],\n",
       "       [-1.33461599e+01, -8.37439866e+02,  2.88388223e+01,\n",
       "         5.03187748e+03, -1.79263416e+01,  1.02944953e+02,\n",
       "         2.18325456e+01,  3.36111253e+01,  1.18443421e+02,\n",
       "         5.22028325e+03]])"
      ]
     },
     "execution_count": 23,
     "metadata": {},
     "output_type": "execute_result"
    }
   ],
   "source": [
    "Covarianza = np.cov(arrayBanca, rowvar=False)\n",
    "Covarianza"
   ]
  },
  {
   "cell_type": "markdown",
   "id": "b84fb080",
   "metadata": {},
   "source": [
    "Verificando la cantidad de columnas y filas que tiene mi variable ``Covarianza``"
   ]
  },
  {
   "cell_type": "code",
   "execution_count": 24,
   "id": "dae36cf6",
   "metadata": {},
   "outputs": [
    {
     "data": {
      "text/plain": [
       "(10, 10)"
      ]
     },
     "execution_count": 24,
     "metadata": {},
     "output_type": "execute_result"
    }
   ],
   "source": [
    "Covarianza.shape"
   ]
  },
  {
   "cell_type": "markdown",
   "id": "0523d498",
   "metadata": {},
   "source": [
    "Nos piden calcular la matriz inversa del **array** ``arrayBanca`` \n",
    " - Primero se validará si tiene **determinante**, para realizar lo solicitado"
   ]
  },
  {
   "cell_type": "code",
   "execution_count": 25,
   "id": "049d7b05",
   "metadata": {},
   "outputs": [
    {
     "data": {
      "text/plain": [
       "27052276386628.715"
      ]
     },
     "execution_count": 25,
     "metadata": {},
     "output_type": "execute_result"
    }
   ],
   "source": [
    "Determinante = np.linalg.det(Covarianza)\n",
    "Determinante"
   ]
  },
  {
   "cell_type": "markdown",
   "id": "dba89e4c",
   "metadata": {},
   "source": [
    "Al ver que tiene determinante, se procedera a calcular la **matriz inversa**"
   ]
  },
  {
   "cell_type": "code",
   "execution_count": 26,
   "id": "b577ee9f",
   "metadata": {},
   "outputs": [
    {
     "data": {
      "text/plain": [
       "array([[ 9.38173198e-03,  3.34861347e-07, -4.19763601e-04,\n",
       "         1.36121285e-06, -3.83502917e-03,  5.91771204e-03,\n",
       "        -3.34866075e-03, -2.57771661e-03, -6.23700615e-03,\n",
       "         6.72917534e-05],\n",
       "       [ 3.34861347e-07,  1.50158934e-05,  9.62870679e-05,\n",
       "         9.83273819e-07,  2.49779398e-04,  6.70782611e-06,\n",
       "        -1.19291115e-04,  2.30610883e-05, -1.93072125e-04,\n",
       "         6.38651062e-06],\n",
       "       [-4.19763601e-04,  9.62870679e-05,  1.35335551e-01,\n",
       "         1.09911594e-05,  1.42838208e-02, -6.63710866e-02,\n",
       "        -8.70631753e-02, -4.79336291e-03,  1.41186158e-01,\n",
       "        -2.19436697e-03],\n",
       "       [ 1.36121285e-06,  9.83273819e-07,  1.09911594e-05,\n",
       "         4.62235336e-05,  9.18864731e-03,  2.31031936e-04,\n",
       "         1.76824294e-03,  2.62003352e-04, -4.10047095e-04,\n",
       "        -1.72357243e-05],\n",
       "       [-3.83502917e-03,  2.49779398e-04,  1.42838208e-02,\n",
       "         9.18864731e-03,  7.33548730e+00, -3.74523111e-01,\n",
       "         4.38774276e-01,  6.87595024e-02, -7.94986119e-02,\n",
       "         2.31958821e-02],\n",
       "       [ 5.91771204e-03,  6.70782611e-06, -6.63710866e-02,\n",
       "         2.31031936e-04, -3.74523111e-01,  1.34000538e+01,\n",
       "        -7.97345492e+00,  1.32073108e-01, -8.80714981e+00,\n",
       "        -3.30547118e-02],\n",
       "       [-3.34866075e-03, -1.19291115e-04, -8.70631753e-02,\n",
       "         1.76824294e-03,  4.38774276e-01, -7.97345492e+00,\n",
       "         1.89169993e+01,  7.79616933e-01, -7.22421545e+00,\n",
       "         2.37269104e-01],\n",
       "       [-2.57771661e-03,  2.30610883e-05, -4.79336291e-03,\n",
       "         2.62003352e-04,  6.87595024e-02,  1.32073108e-01,\n",
       "         7.79616933e-01,  1.23701795e-01, -1.15467811e+00,\n",
       "         1.95442209e-02],\n",
       "       [-6.23700615e-03, -1.93072125e-04,  1.41186158e-01,\n",
       "        -4.10047095e-04, -7.94986119e-02, -8.80714981e+00,\n",
       "        -7.22421545e+00, -1.15467811e+00,  2.13908792e+01,\n",
       "        -2.74717397e-01],\n",
       "       [ 6.72917534e-05,  6.38651062e-06, -2.19436697e-03,\n",
       "        -1.72357243e-05,  2.31958821e-02, -3.30547118e-02,\n",
       "         2.37269104e-01,  1.95442209e-02, -2.74717397e-01,\n",
       "         6.06792114e-03]])"
      ]
     },
     "execution_count": 26,
     "metadata": {},
     "output_type": "execute_result"
    }
   ],
   "source": [
    "Inversa = np.linalg.inv(Covarianza)\n",
    "Inversa"
   ]
  },
  {
   "cell_type": "markdown",
   "id": "202c328b",
   "metadata": {},
   "source": [
    "Por teoría : ``𝐴𝐴−1 = 𝐴−1 𝐴 = 𝐼𝑛``, entonces : "
   ]
  },
  {
   "cell_type": "code",
   "execution_count": 27,
   "id": "7973d37e",
   "metadata": {},
   "outputs": [
    {
     "data": {
      "text/plain": [
       "array([[ 1.00000000e+00,  5.47099191e-21,  2.66908403e-18,\n",
       "        -1.71729458e-19, -3.00646598e-16, -9.03938221e-17,\n",
       "        -5.82113096e-17,  2.51083106e-17,  1.72138955e-16,\n",
       "        -1.44743897e-17],\n",
       "       [ 1.10696406e-17,  1.00000000e+00,  7.80533129e-16,\n",
       "         7.89251199e-18,  3.93705104e-15, -1.56431942e-14,\n",
       "        -2.55370673e-14,  2.45406346e-16, -2.45697645e-16,\n",
       "         2.41898393e-16],\n",
       "       [ 3.87236333e-17, -8.34722037e-20,  1.00000000e+00,\n",
       "        -2.36626904e-18, -7.96234455e-15,  8.67428692e-15,\n",
       "         1.94604348e-14,  1.57324433e-15,  3.02404247e-14,\n",
       "        -5.17067573e-16],\n",
       "       [ 4.99789870e-17, -5.58212555e-18, -1.99478655e-15,\n",
       "         1.00000000e+00, -6.59112051e-15, -1.12025056e-13,\n",
       "         1.65759945e-13,  1.24219674e-14, -2.11531815e-13,\n",
       "         6.59572439e-15],\n",
       "       [ 5.29788523e-19,  8.33242280e-20,  4.03028313e-18,\n",
       "        -3.27512491e-19,  1.00000000e+00, -1.06927196e-15,\n",
       "         4.11680843e-15,  4.33155304e-16, -6.77487349e-15,\n",
       "         5.03590148e-17],\n",
       "       [ 6.42849439e-19, -8.63149235e-20,  4.15909119e-17,\n",
       "         3.55648052e-19, -7.73722752e-16,  1.00000000e+00,\n",
       "         1.31416308e-15, -8.89971811e-17,  5.97937618e-15,\n",
       "         2.85790784e-18],\n",
       "       [-3.59697314e-19, -6.30563170e-21,  3.15407591e-17,\n",
       "        -1.81209583e-21, -3.73194123e-16, -1.34614876e-15,\n",
       "         1.00000000e+00, -7.41365363e-17,  2.82966796e-15,\n",
       "        -4.37039902e-17],\n",
       "       [-4.16267566e-18,  1.03034754e-19, -8.59677059e-17,\n",
       "        -5.34570346e-19,  3.93779859e-16, -3.84969507e-15,\n",
       "         4.23596953e-15,  1.00000000e+00,  1.75763595e-15,\n",
       "         1.91298772e-16],\n",
       "       [ 2.73265334e-18,  1.44130712e-20, -5.07143068e-17,\n",
       "         2.99556647e-19, -4.88950045e-16, -2.63793855e-15,\n",
       "         4.83867772e-15,  6.65605958e-17,  1.00000000e+00,\n",
       "         4.78660694e-17],\n",
       "       [ 3.21896190e-17, -1.26033697e-19,  9.41891086e-16,\n",
       "        -6.06130919e-18, -2.61350817e-14, -3.17156023e-13,\n",
       "         2.74038915e-13,  1.35366087e-14,  9.16598733e-14,\n",
       "         1.00000000e+00]])"
      ]
     },
     "execution_count": 27,
     "metadata": {},
     "output_type": "execute_result"
    }
   ],
   "source": [
    "MatrizIdentidad = np.dot(Covarianza, Inversa)\n",
    "MatrizIdentidad"
   ]
  },
  {
   "cell_type": "markdown",
   "id": "be511e23",
   "metadata": {},
   "source": [
    "Se observa que la diagonal dentro del objeto ``MatrizIdentidad`` tiene elementos iguales a 1"
   ]
  },
  {
   "cell_type": "markdown",
   "id": "9fab1bf4",
   "metadata": {},
   "source": [
    "Utilice un bucle ``for`` y multiplique cada fila de la matriz resta con la matriz inversa y la transpuesta de la fila de la matriz resta"
   ]
  },
  {
   "cell_type": "code",
   "execution_count": 33,
   "id": "2c134929",
   "metadata": {},
   "outputs": [
    {
     "data": {
      "text/plain": [
       "[4.2553147049709645,\n",
       " 4.764125246930477,\n",
       " 2.381279181088577,\n",
       " 2.417393396621837,\n",
       " 4.273646383090635,\n",
       " 2.4063976859000284,\n",
       " 5.433900787076352,\n",
       " 2.2323314097156297,\n",
       " 5.128205236172264,\n",
       " 5.374817223407346,\n",
       " 2.889441569521484,\n",
       " 4.675301631202798,\n",
       " 3.8467208213594106,\n",
       " 4.5491594393899035,\n",
       " 2.7797253443471748,\n",
       " 3.875203845344741,\n",
       " 2.569353924105827,\n",
       " 2.8369444148903833,\n",
       " 3.022400667632836,\n",
       " 2.319006450708526,\n",
       " 4.17431647305916,\n",
       " 3.9860023469346713,\n",
       " 4.061075721539883,\n",
       " 2.310243797067991,\n",
       " 2.498292422219125,\n",
       " 2.9896124459661504,\n",
       " 5.647562336099415,\n",
       " 2.2538328169790796,\n",
       " 3.4292781822095817,\n",
       " 4.109875852053841,\n",
       " 2.496975520479913,\n",
       " 5.3733463886666115,\n",
       " 3.3526458007013225,\n",
       " 3.759539696666658,\n",
       " 3.793747295360704,\n",
       " 4.048778161760983,\n",
       " 2.801405224635995,\n",
       " 32.51917874624516,\n",
       " 3.5938733037617476,\n",
       " 4.522433910528547,\n",
       " 4.984682222018376,\n",
       " 3.003043341010799,\n",
       " 2.467412446804116,\n",
       " 4.593451601951422,\n",
       " 2.367227639529517,\n",
       " 3.1261105456823506,\n",
       " 6.331991571606109,\n",
       " 2.3309664141322535,\n",
       " 2.649807956744368,\n",
       " 2.050917056245069,\n",
       " 3.918835458076964,\n",
       " 2.232416899681515,\n",
       " 5.522364612912961,\n",
       " 3.6295949937250054,\n",
       " 3.677721738372597,\n",
       " 4.2615761871650015,\n",
       " 3.1023421408602894,\n",
       " 6.324882368790951,\n",
       " 4.222308864273161,\n",
       " 4.781140687138031,\n",
       " 2.984140908691621,\n",
       " 7.49376086875693,\n",
       " 2.366846107002904,\n",
       " 2.3301901110739984,\n",
       " 2.738235149791752,\n",
       " 2.3736834314871254,\n",
       " 2.750291807358205,\n",
       " 2.8131487161084996,\n",
       " 4.1153249395005655,\n",
       " 2.3964628707982865,\n",
       " 2.2642732368314826,\n",
       " 2.4109528837585947,\n",
       " 2.643329575174211,\n",
       " 4.59522972203454,\n",
       " 2.3997141132726445,\n",
       " 27.719170112103455,\n",
       " 4.076789320917515,\n",
       " 2.602418781671869,\n",
       " 3.98487539335839,\n",
       " 2.2544711415075787,\n",
       " 3.0121371876206613,\n",
       " 3.1483127489904668,\n",
       " 2.138168279957517,\n",
       " 11.693333058423171,\n",
       " 3.2289714153412516,\n",
       " 3.1665046651529813,\n",
       " 2.942102613333243,\n",
       " 2.3259986924739606,\n",
       " 24.24769528747943,\n",
       " 2.4681983715138416,\n",
       " 2.361720931054528,\n",
       " 5.286468158788611,\n",
       " 5.245423517910219,\n",
       " 3.9384356940132537,\n",
       " 3.6561022137057924,\n",
       " 2.363934618329017,\n",
       " 2.555352036231593,\n",
       " 3.507002513639574,\n",
       " 2.433233102661715,\n",
       " 2.2667307387663587,\n",
       " 3.7607792537543294,\n",
       " 3.048453680364473,\n",
       " 3.9853270138111427,\n",
       " 3.37213593264435,\n",
       " 3.3883902186651618,\n",
       " 3.158553473987203,\n",
       " 2.398207723924637,\n",
       " 2.555645593385199,\n",
       " 2.202032411457,\n",
       " 2.263662595491955,\n",
       " 6.406986639927615,\n",
       " 9.672291517398108,\n",
       " 2.6338450337618777,\n",
       " 3.7185316620773756,\n",
       " 2.136798174955006,\n",
       " 2.44142776418175,\n",
       " 2.9899347292385228,\n",
       " 5.45996991724356,\n",
       " 4.384520033704666,\n",
       " 2.756558936419026,\n",
       " 2.6507137503983618,\n",
       " 3.1890206148635816,\n",
       " 2.4503336491934378,\n",
       " 2.879836472274333,\n",
       " 3.1147735125881244,\n",
       " 1.8984099465324693,\n",
       " 3.582442413027625,\n",
       " 3.7178985273955947,\n",
       " 4.34121809226677,\n",
       " 3.6123089322396114,\n",
       " 2.5972761220191733,\n",
       " 4.662810483282199,\n",
       " 2.544620781425643,\n",
       " 2.432548866297513,\n",
       " 3.4009013765716185,\n",
       " 2.2937403444644406,\n",
       " 2.513138122031465,\n",
       " 4.351027548503599,\n",
       " 2.6731183358631316,\n",
       " 2.8686449327123986,\n",
       " 2.234357938847098,\n",
       " 4.858922837255979,\n",
       " 2.3236379134319525,\n",
       " 3.7759031586975085,\n",
       " 2.871428664068921,\n",
       " 3.1862499320587236,\n",
       " 3.289107248089075,\n",
       " 2.611363523595276,\n",
       " 2.376278543586606,\n",
       " 3.603826399586327,\n",
       " 5.531531226887582,\n",
       " 5.012250895397431,\n",
       " 2.952921494689198,\n",
       " 4.320757675027558,\n",
       " 2.40320793702029,\n",
       " 2.888454935643684,\n",
       " 3.6960080024436692,\n",
       " 3.1079622242765876,\n",
       " 2.015364424807665,\n",
       " 6.350343739834888,\n",
       " 4.820207077676566,\n",
       " 2.2138308645856903,\n",
       " 2.961618611483943,\n",
       " 3.2297429324185654,\n",
       " 48.84524252114964,\n",
       " 2.871013719873745,\n",
       " 3.1102864289717242,\n",
       " 4.284884024942272,\n",
       " 2.246955517953965,\n",
       " 8.455603877200808,\n",
       " 2.341592090121441,\n",
       " 2.8027296659710554,\n",
       " 2.3330690477182943,\n",
       " 2.2886076450668273,\n",
       " 2.3044609951727226,\n",
       " 2.3879237346530076,\n",
       " 2.6676453673551364,\n",
       " 2.814580434764854,\n",
       " 4.357427717041774,\n",
       " 2.3506835911617845,\n",
       " 2.6973978142174975,\n",
       " 2.4222248990712076,\n",
       " 4.40244620828212,\n",
       " 2.13436764768941,\n",
       " 4.1623013675082285,\n",
       " 5.085439067355598,\n",
       " 3.102845043122959,\n",
       " 4.032152750403929,\n",
       " 2.76999446035283,\n",
       " 2.9358464809781246,\n",
       " 2.4866968978377098,\n",
       " 2.099184912322209,\n",
       " 2.932891130296026,\n",
       " 1.9184538620815448,\n",
       " 3.3713623541044417,\n",
       " 5.615066802905481,\n",
       " 2.376957812878102,\n",
       " 2.6740940011423446,\n",
       " 4.533773863808891,\n",
       " 11.974286323750981,\n",
       " 2.736245927732868,\n",
       " 3.138862716735442,\n",
       " 2.0632457705188707,\n",
       " 2.220445856770236,\n",
       " 2.4109528837585947,\n",
       " 2.586852342318564,\n",
       " 2.588465005579778,\n",
       " 3.1704744809819685,\n",
       " 2.444029080825372,\n",
       " 2.552437225373163,\n",
       " 2.441586552422894,\n",
       " 3.9883429985445336,\n",
       " 5.812895723623738,\n",
       " 6.037523173145222,\n",
       " 2.8320040660746852,\n",
       " 2.1411805100573718,\n",
       " 3.3631416898228252,\n",
       " 3.637506765689349,\n",
       " 2.925008379279867,\n",
       " 1.9416908294460482,\n",
       " 2.289515408159018,\n",
       " 2.076947498561755,\n",
       " 2.494325591161899,\n",
       " 2.412201624392859,\n",
       " 2.3604237057635906,\n",
       " 5.137076676637218,\n",
       " 2.5027323697614263,\n",
       " 2.3005071445777006,\n",
       " 2.2407197589718204,\n",
       " 2.459042998343239,\n",
       " 3.430889502378626,\n",
       " 3.089384741641031,\n",
       " 2.9729264439153953,\n",
       " 2.342800226794596,\n",
       " 3.4281760763992355,\n",
       " 2.2764187781574803,\n",
       " 4.526465084349057,\n",
       " 2.617589448339695,\n",
       " 2.61055615743003,\n",
       " 1.9253560998690982,\n",
       " 4.242936377073178,\n",
       " 2.763385085819393,\n",
       " 3.63217855112837,\n",
       " 5.629097753606528,\n",
       " 4.1603631013998115,\n",
       " 2.6297358505814143,\n",
       " 3.5306982300637446,\n",
       " 2.373008548594728,\n",
       " 2.646585315336215,\n",
       " 5.599323427275106,\n",
       " 2.417393396621837,\n",
       " 2.2426139467900477,\n",
       " 3.451707827164042,\n",
       " 2.1351440161535558,\n",
       " 3.8359631135829986,\n",
       " 3.3494112529034457,\n",
       " 4.647466185560373,\n",
       " 3.0864459412078107,\n",
       " 2.2956469793473167,\n",
       " 3.5481082740225762,\n",
       " 2.935389183398361,\n",
       " 4.418314042289623,\n",
       " 2.3163067826760457,\n",
       " 2.4096896459977026,\n",
       " 2.48479167175215,\n",
       " 4.16248600841861,\n",
       " 2.5775357909330165,\n",
       " 2.9373551135786466,\n",
       " 5.232235082366413,\n",
       " 2.482901525413655,\n",
       " 3.5058883250254746,\n",
       " 2.669893618138641,\n",
       " 2.9768724443394876,\n",
       " 4.486741673312784,\n",
       " 2.8205574543685192,\n",
       " 3.4754288450515713,\n",
       " 9.834569066863573,\n",
       " 4.073129617525309,\n",
       " 3.291367162242864,\n",
       " 3.05197981705491,\n",
       " 2.654215349984474,\n",
       " 4.104988086180381,\n",
       " 3.2323927973421105,\n",
       " 2.6874317880405068,\n",
       " 1.9841956608691667,\n",
       " 2.6252035767394073,\n",
       " 8.789983915180159,\n",
       " 2.7126844093421547,\n",
       " 6.215076863918977,\n",
       " 2.170447035635635,\n",
       " 2.191064407866112,\n",
       " 2.8763986514224347,\n",
       " 3.2484775913244635,\n",
       " 2.179268559025134,\n",
       " 2.475879348501074,\n",
       " 2.7018582878572053,\n",
       " 5.886335451919526,\n",
       " 2.461386265856032,\n",
       " 2.51189554328364,\n",
       " 2.3929777871248783,\n",
       " 2.1167224120107773,\n",
       " 2.680237806350191,\n",
       " 5.234076261791226,\n",
       " 1.9226643585712082,\n",
       " 1.9024588733624932,\n",
       " 1.9431045711635946,\n",
       " 2.1542970763505607,\n",
       " 4.285348903672569,\n",
       " 1.871371904455864,\n",
       " 2.3882855261193,\n",
       " 3.7374853559641803,\n",
       " 4.165282475123546,\n",
       " 2.515718777973086,\n",
       " 4.576228829592928,\n",
       " 2.0368343189176943,\n",
       " 2.911414899158909,\n",
       " 2.6718843568816983,\n",
       " 4.192836789800659,\n",
       " 2.024380641463148,\n",
       " 1.9309472077810543,\n",
       " 3.408093185837187,\n",
       " 3.4006882374507117,\n",
       " 1.9163137910461092,\n",
       " 1.9334251730151122,\n",
       " 3.498137678074313,\n",
       " 2.422658633644945,\n",
       " 4.059645669807435,\n",
       " 2.5545412992846055,\n",
       " 2.2630012794364553,\n",
       " 4.656879204579959,\n",
       " 3.6750307045597195,\n",
       " 2.4570537631275498,\n",
       " 3.0755245849928663,\n",
       " 3.695906867647567,\n",
       " 2.122761475559816,\n",
       " 2.8700890855642136,\n",
       " 2.088790777688883,\n",
       " 2.434567995531065,\n",
       " 3.7056011239511295,\n",
       " 1.9328591292021793,\n",
       " 4.387592822996535,\n",
       " 2.82044558386875,\n",
       " 2.451041179888262,\n",
       " 4.287887461643265,\n",
       " 4.539862388781248,\n",
       " 3.840188192579371,\n",
       " 5.210811866442315,\n",
       " 2.539564056968053,\n",
       " 2.7523857062651875,\n",
       " 4.383601475572759,\n",
       " 2.399442623185121,\n",
       " 4.021317514033797,\n",
       " 2.0618401210146,\n",
       " 2.0832978982094623,\n",
       " 3.2450308555663536,\n",
       " 2.484144192491414,\n",
       " 2.405321824232975,\n",
       " 3.1056140854260237,\n",
       " 2.517749535006354,\n",
       " 4.648630435472608,\n",
       " 2.3159887380748856,\n",
       " 4.430119147410816,\n",
       " 2.1198684225908493,\n",
       " 1.9411345616129865,\n",
       " 2.599417417291311,\n",
       " 2.494325591161899,\n",
       " 2.6176375944703842,\n",
       " 4.560400242480275,\n",
       " 3.407348011175594,\n",
       " 4.2956443952381775,\n",
       " 2.9166990216543898,\n",
       " 3.058750596290281,\n",
       " 2.487960367278822,\n",
       " 5.7206437706374675,\n",
       " 2.2914413194215215,\n",
       " 2.768068356270482,\n",
       " 2.1891622392461674,\n",
       " 2.3832538398854886,\n",
       " 3.34519779076796,\n",
       " 3.724927297314252,\n",
       " 3.168857456620409,\n",
       " 2.832826730581061,\n",
       " 2.6746429568125407,\n",
       " 3.6441967377059665,\n",
       " 5.207243780346281,\n",
       " 5.5890548021415825,\n",
       " 2.4458731109834977,\n",
       " 3.4640592162848676,\n",
       " 16.79067138324601,\n",
       " 10.914208648927536,\n",
       " 5.178281626989178,\n",
       " 3.1440973900568903,\n",
       " 2.7873052799646967,\n",
       " 2.8077587461739197,\n",
       " 2.3381835055841886,\n",
       " 5.964556009402879,\n",
       " 4.133555654835682,\n",
       " 3.60018265437478,\n",
       " 2.3650796295154954,\n",
       " 2.2727269234734826,\n",
       " 3.7996860246342035,\n",
       " 2.839255204007478,\n",
       " 3.4826524426068564,\n",
       " 2.571323416211582,\n",
       " 3.2199215770470015,\n",
       " 2.4004944543411213,\n",
       " 3.514468291907235,\n",
       " 1.9952280062519516,\n",
       " 2.3804422507903227,\n",
       " 2.2401457346942415,\n",
       " 2.8629021876261738,\n",
       " 3.986926052851371,\n",
       " 3.386429572794257,\n",
       " 6.971853258425595,\n",
       " 3.723509141021635,\n",
       " 2.899279548119887,\n",
       " 2.7245551311481053,\n",
       " 3.33070374640214,\n",
       " 4.080111208263545,\n",
       " 2.7784018175482363,\n",
       " 4.600744273005065,\n",
       " 4.080225254973075,\n",
       " 2.8886745676656718,\n",
       " 2.762077655154841,\n",
       " 2.634074720001923,\n",
       " 2.8586315123122046,\n",
       " 4.924632319598222,\n",
       " 2.2517103689979305,\n",
       " 2.6641664792555444,\n",
       " 3.157235882448877,\n",
       " 2.7283983002946317,\n",
       " 5.579113625971386,\n",
       " 3.3582491957653096,\n",
       " 4.069666132717809,\n",
       " 3.349473567113213,\n",
       " 2.1252834617947403,\n",
       " 2.6275159355101683,\n",
       " 2.5580498604846422,\n",
       " 2.592317017673051,\n",
       " 2.6311633933284075,\n",
       " 2.2016049222717973,\n",
       " 4.35445009018692,\n",
       " 2.716837447088098,\n",
       " 2.584023132332515,\n",
       " 2.8083714176243717,\n",
       " 2.7813928344117063,\n",
       " 29.640681160807418,\n",
       " 5.273151587892015,\n",
       " 4.974166989973765,\n",
       " 2.524656224926322,\n",
       " 4.557761636979204,\n",
       " 3.9158908066602334,\n",
       " 5.729823379867776,\n",
       " 2.814993710445761,\n",
       " 2.6609758217998456,\n",
       " 2.212696499006289,\n",
       " 3.02100577924864,\n",
       " 3.0061221897253434,\n",
       " 3.428045754279041,\n",
       " 2.915036027599245,\n",
       " 2.545612952123724,\n",
       " 2.147958193740748,\n",
       " 5.779884912276831,\n",
       " 3.2766136831379336,\n",
       " 3.1548945024005492,\n",
       " 2.3964628707982865,\n",
       " 3.1268125554889963,\n",
       " 7.114698226358211,\n",
       " 3.404437239696205,\n",
       " 31.876959372640528,\n",
       " 3.1939818425706545,\n",
       " 2.242724497392912,\n",
       " 3.912276869982499,\n",
       " 3.7498254178332067,\n",
       " 5.056842338357483,\n",
       " 2.870458674812378,\n",
       " 5.546857745852921,\n",
       " 2.6026673930742783,\n",
       " 4.901096078024232,\n",
       " 2.6585288500351503,\n",
       " 2.351432093358552,\n",
       " 2.438591397632417,\n",
       " 2.4333456847222745,\n",
       " 2.7690362003574007,\n",
       " 3.9170113624640517,\n",
       " 2.2650150648295986,\n",
       " 3.0231580072396946,\n",
       " 2.5450507166041474,\n",
       " 2.1154354937446502,\n",
       " 4.068082347943104,\n",
       " 2.402226852324335,\n",
       " 2.247308295143432,\n",
       " 2.066816945494754,\n",
       " 3.199499099049712,\n",
       " 3.717434781445286,\n",
       " 3.3153172261513424,\n",
       " 2.373011108732224,\n",
       " 2.5878210378606594,\n",
       " 3.2120823866561037,\n",
       " 4.1126329947090525,\n",
       " 4.462019452413723,\n",
       " 3.3622927679277463,\n",
       " 2.8936560068394273,\n",
       " 4.422271399699911,\n",
       " 8.51568861555559,\n",
       " 2.862675509770963,\n",
       " 1.9352199433418107,\n",
       " 5.571103902855583,\n",
       " 3.1565832614090197,\n",
       " 2.5080640832990895,\n",
       " 2.9336092923605674,\n",
       " 2.0685854347825163,\n",
       " 2.4049985615230702,\n",
       " 3.065711771536663,\n",
       " 5.658293494435046,\n",
       " 2.6876414545181992,\n",
       " 2.2749055026262313,\n",
